Supplemental results for CODEML (seqf: TF105351.Eut.3.phy  treef: TF105351.Eut.3.53876.tree)


MLEs of dN/dS (w) for site classes (K=4)

site class             0        1       2a       2b
proportion       0.96373  0.00000  0.03627  0.00000
background w     0.03031  1.00000  0.03031  1.00000
foreground w     0.03031  1.00000  1.00000  1.00000

Naive Empirical Bayes (NEB) probabilities for 4 classes
(amino acids refer to 1st sequence: A33)

   1 M   0.98692 0.00000 0.01308 0.00000 ( 1)
   2 P   0.97741 0.00000 0.02259 0.00000 ( 1)
   3 E   0.98430 0.00000 0.01570 0.00000 ( 1)
   4 Q   0.98020 0.00000 0.01980 0.00000 ( 1)
   5 W   0.97279 0.00000 0.02721 0.00000 ( 1)
   6 A   0.97815 0.00000 0.02185 0.00000 ( 1)
   7 P   0.97499 0.00000 0.02501 0.00000 ( 1)
   8 P   0.97516 0.00000 0.02484 0.00000 ( 1)
   9 V   0.97743 0.00000 0.02257 0.00000 ( 1)
  10 I   0.98059 0.00000 0.01941 0.00000 ( 1)
  11 A   0.97920 0.00000 0.02080 0.00000 ( 1)
  12 P   0.97662 0.00000 0.02338 0.00000 ( 1)
  13 R   0.97516 0.00000 0.02484 0.00000 ( 1)
  14 P   0.97519 0.00000 0.02481 0.00000 ( 1)
  15 D   0.98045 0.00000 0.01955 0.00000 ( 1)
  16 H   0.98021 0.00000 0.01979 0.00000 ( 1)
  17 T   0.97846 0.00000 0.02154 0.00000 ( 1)
  18 Y   0.97727 0.00000 0.02273 0.00000 ( 1)
  19 T   0.97807 0.00000 0.02193 0.00000 ( 1)
  20 R   0.97493 0.00000 0.02507 0.00000 ( 1)
  21 S   0.97465 0.00000 0.02535 0.00000 ( 1)
  22 V   0.97978 0.00000 0.02022 0.00000 ( 1)
  23 I   0.98099 0.00000 0.01901 0.00000 ( 1)
  24 D   0.98272 0.00000 0.01728 0.00000 ( 1)
  25 P   0.97526 0.00000 0.02474 0.00000 ( 1)
  26 A   0.97688 0.00000 0.02312 0.00000 ( 1)
  27 A   0.97415 0.00000 0.02585 0.00000 ( 1)
  28 K   0.98310 0.00000 0.01690 0.00000 ( 1)
  29 S   0.97857 0.00000 0.02143 0.00000 ( 1)
  30 L   0.97800 0.00000 0.02200 0.00000 ( 1)
  31 D   0.98396 0.00000 0.01604 0.00000 ( 1)
  32 K   0.97820 0.00000 0.02180 0.00000 ( 1)
  33 Q   0.98111 0.00000 0.01889 0.00000 ( 1)
  34 K   0.98247 0.00000 0.01753 0.00000 ( 1)
  35 K   0.98392 0.00000 0.01608 0.00000 ( 1)
  36 K   0.04716 0.00000 0.95284 0.00000 ( 3)
  37 T   0.97788 0.00000 0.02212 0.00000 ( 1)
  38 K   0.98437 0.00000 0.01563 0.00000 ( 1)
  39 M   0.98692 0.00000 0.01308 0.00000 ( 1)
  40 T   0.97842 0.00000 0.02158 0.00000 ( 1)
  41 D   0.98372 0.00000 0.01628 0.00000 ( 1)
  42 E   0.98436 0.00000 0.01564 0.00000 ( 1)
  43 E   0.98410 0.00000 0.01590 0.00000 ( 1)
  44 I   0.98124 0.00000 0.01876 0.00000 ( 1)
  45 M   0.98692 0.00000 0.01308 0.00000 ( 1)
  46 E   0.97283 0.00000 0.02717 0.00000 ( 1)
  47 K   0.98266 0.00000 0.01734 0.00000 ( 1)
  48 L   0.97639 0.00000 0.02361 0.00000 ( 1)
  49 R   0.97808 0.00000 0.02192 0.00000 ( 1)
  50 T   0.97804 0.00000 0.02196 0.00000 ( 1)
  51 I   0.98087 0.00000 0.01913 0.00000 ( 1)
  52 S   0.97958 0.00000 0.02042 0.00000 ( 1)
  53 I   0.98100 0.00000 0.01900 0.00000 ( 1)
  54 D   0.98343 0.00000 0.01657 0.00000 ( 1)
  55 P   0.97524 0.00000 0.02476 0.00000 ( 1)
  56 K   0.98423 0.00000 0.01577 0.00000 ( 1)
  57 K   0.98398 0.00000 0.01602 0.00000 ( 1)
  58 K   0.98251 0.00000 0.01749 0.00000 ( 1)
  59 Y   0.97732 0.00000 0.02268 0.00000 ( 1)
  60 T   0.97822 0.00000 0.02178 0.00000 ( 1)
  61 R   0.96946 0.00000 0.03054 0.00000 ( 1)
  62 Y   0.97705 0.00000 0.02295 0.00000 ( 1)
  63 E   0.98336 0.00000 0.01664 0.00000 ( 1)
  64 K   0.98336 0.00000 0.01664 0.00000 ( 1)
  65 I   0.98120 0.00000 0.01880 0.00000 ( 1)
  66 G   0.97775 0.00000 0.02225 0.00000 ( 1)
  67 Q   0.97984 0.00000 0.02016 0.00000 ( 1)
  68 A   0.97968 0.00000 0.02032 0.00000 ( 1)
  69 S   0.97407 0.00000 0.02593 0.00000 ( 1)
  70 G   0.97762 0.00000 0.02238 0.00000 ( 1)
  71 T   0.97817 0.00000 0.02183 0.00000 ( 1)
  72 V   0.97874 0.00000 0.02126 0.00000 ( 1)
  73 F   0.56364 0.00000 0.43636 0.00000 ( 1)
  74 T   0.97829 0.00000 0.02171 0.00000 ( 1)
  75 A   0.97834 0.00000 0.02166 0.00000 ( 1)
  76 T   0.98152 0.00000 0.01848 0.00000 ( 1)
  77 D   0.98370 0.00000 0.01630 0.00000 ( 1)
  78 V   0.97869 0.00000 0.02131 0.00000 ( 1)
  79 A   0.65530 0.00000 0.34470 0.00000 ( 1)
  80 L   0.97808 0.00000 0.02192 0.00000 ( 1)
  81 G   0.97743 0.00000 0.02257 0.00000 ( 1)
  82 Q   0.97909 0.00000 0.02091 0.00000 ( 1)
  83 E   0.98445 0.00000 0.01555 0.00000 ( 1)
  84 V   0.98052 0.00000 0.01948 0.00000 ( 1)
  85 A   0.97832 0.00000 0.02168 0.00000 ( 1)
  86 I   0.98126 0.00000 0.01874 0.00000 ( 1)
  87 K   0.98251 0.00000 0.01749 0.00000 ( 1)
  88 Q   0.98111 0.00000 0.01889 0.00000 ( 1)
  89 I   0.98129 0.00000 0.01871 0.00000 ( 1)
  90 N   0.98379 0.00000 0.01621 0.00000 ( 1)
  91 L   0.97664 0.00000 0.02336 0.00000 ( 1)
  92 Q   0.98111 0.00000 0.01889 0.00000 ( 1)
  93 K   0.98410 0.00000 0.01590 0.00000 ( 1)
  94 Q   0.98111 0.00000 0.01889 0.00000 ( 1)
  95 P   0.97593 0.00000 0.02407 0.00000 ( 1)
  96 K   0.98431 0.00000 0.01569 0.00000 ( 1)
  97 K   0.98384 0.00000 0.01616 0.00000 ( 1)
  98 E   0.98411 0.00000 0.01589 0.00000 ( 1)
  99 L   0.97738 0.00000 0.02262 0.00000 ( 1)
 100 I   0.98128 0.00000 0.01872 0.00000 ( 1)
 101 I   0.98134 0.00000 0.01866 0.00000 ( 1)
 102 N   0.98364 0.00000 0.01636 0.00000 ( 1)
 103 E   0.98444 0.00000 0.01556 0.00000 ( 1)
 104 I   0.98132 0.00000 0.01868 0.00000 ( 1)
 105 L   0.97740 0.00000 0.02260 0.00000 ( 1)
 106 V   0.97944 0.00000 0.02056 0.00000 ( 1)
 107 M   0.98692 0.00000 0.01308 0.00000 ( 1)
 108 K   0.98409 0.00000 0.01591 0.00000 ( 1)
 109 E   0.98435 0.00000 0.01565 0.00000 ( 1)
 110 L   0.97350 0.00000 0.02650 0.00000 ( 1)
 111 K   0.98438 0.00000 0.01562 0.00000 ( 1)
 112 N   0.98348 0.00000 0.01652 0.00000 ( 1)
 113 P   0.97527 0.00000 0.02473 0.00000 ( 1)
 114 N   0.98386 0.00000 0.01614 0.00000 ( 1)
 115 I   0.98097 0.00000 0.01903 0.00000 ( 1)
 116 F   0.97844 0.00000 0.02156 0.00000 ( 1)
 117 L   0.56482 0.00000 0.43518 0.00000 ( 1)
 118 D   0.98348 0.00000 0.01652 0.00000 ( 1)
 119 S   0.97946 0.00000 0.02054 0.00000 ( 1)
 120 Y   0.97846 0.00000 0.02154 0.00000 ( 1)
 121 L   0.97720 0.00000 0.02280 0.00000 ( 1)
 122 V   0.97957 0.00000 0.02043 0.00000 ( 1)
 123 G   0.97762 0.00000 0.02238 0.00000 ( 1)
 124 D   0.92690 0.00000 0.07310 0.00000 ( 1)
 125 E   0.98440 0.00000 0.01560 0.00000 ( 1)
 126 L   0.97765 0.00000 0.02235 0.00000 ( 1)
 127 F   0.97819 0.00000 0.02181 0.00000 ( 1)
 128 V   0.98121 0.00000 0.01879 0.00000 ( 1)
 129 V   0.98111 0.00000 0.01889 0.00000 ( 1)
 130 M   0.98692 0.00000 0.01308 0.00000 ( 1)
 131 E   0.98443 0.00000 0.01557 0.00000 ( 1)
 132 Y   0.97699 0.00000 0.02301 0.00000 ( 1)
 133 L   0.97732 0.00000 0.02268 0.00000 ( 1)
 134 A   0.97807 0.00000 0.02193 0.00000 ( 1)
 135 G   0.97760 0.00000 0.02240 0.00000 ( 1)
 136 G   0.97828 0.00000 0.02172 0.00000 ( 1)
 137 S   0.97508 0.00000 0.02492 0.00000 ( 1)
 138 L   0.97747 0.00000 0.02253 0.00000 ( 1)
 139 T   0.97832 0.00000 0.02168 0.00000 ( 1)
 140 D   0.98370 0.00000 0.01630 0.00000 ( 1)
 141 V   0.97901 0.00000 0.02099 0.00000 ( 1)
 142 V   0.98015 0.00000 0.01985 0.00000 ( 1)
 143 T   0.97848 0.00000 0.02152 0.00000 ( 1)
 144 E   0.98413 0.00000 0.01587 0.00000 ( 1)
 145 T   0.97931 0.00000 0.02069 0.00000 ( 1)
 146 C   0.97293 0.00000 0.02707 0.00000 ( 1)
 147 M   0.98692 0.00000 0.01308 0.00000 ( 1)
 148 D   0.98369 0.00000 0.01631 0.00000 ( 1)
 149 E   0.98350 0.00000 0.01650 0.00000 ( 1)
 150 A   0.97805 0.00000 0.02195 0.00000 ( 1)
 151 Q   0.98096 0.00000 0.01904 0.00000 ( 1)
 152 I   0.98114 0.00000 0.01886 0.00000 ( 1)
 153 A   0.97804 0.00000 0.02196 0.00000 ( 1)
 154 A   0.97819 0.00000 0.02181 0.00000 ( 1)
 155 V   0.97876 0.00000 0.02124 0.00000 ( 1)
 156 C   0.97293 0.00000 0.02707 0.00000 ( 1)
 157 R   0.97855 0.00000 0.02145 0.00000 ( 1)
 158 E   0.98415 0.00000 0.01585 0.00000 ( 1)
 159 C   0.02941 0.00000 0.97059 0.00000 ( 3)
 160 L   0.97113 0.00000 0.02887 0.00000 ( 1)
 161 Q   0.98008 0.00000 0.01992 0.00000 ( 1)
 162 A   0.97828 0.00000 0.02172 0.00000 ( 1)
 163 L   0.97746 0.00000 0.02254 0.00000 ( 1)
 164 E   0.98428 0.00000 0.01572 0.00000 ( 1)
 165 F   0.97816 0.00000 0.02184 0.00000 ( 1)
 166 L   0.97644 0.00000 0.02356 0.00000 ( 1)
 167 H   0.98040 0.00000 0.01960 0.00000 ( 1)
 168 A   0.97837 0.00000 0.02163 0.00000 ( 1)
 169 N   0.98385 0.00000 0.01615 0.00000 ( 1)
 170 Q   0.98111 0.00000 0.01889 0.00000 ( 1)
 171 V   0.97867 0.00000 0.02133 0.00000 ( 1)
 172 I   0.98106 0.00000 0.01894 0.00000 ( 1)
 173 H   0.98071 0.00000 0.01929 0.00000 ( 1)
 174 R   0.97782 0.00000 0.02218 0.00000 ( 1)
 175 D   0.98407 0.00000 0.01593 0.00000 ( 1)
 176 I   0.98134 0.00000 0.01866 0.00000 ( 1)
 177 K   0.98354 0.00000 0.01646 0.00000 ( 1)
 178 S   0.97952 0.00000 0.02048 0.00000 ( 1)
 179 D   0.98398 0.00000 0.01602 0.00000 ( 1)
 180 N   0.98377 0.00000 0.01623 0.00000 ( 1)
 181 V   0.97986 0.00000 0.02014 0.00000 ( 1)
 182 L   0.97610 0.00000 0.02390 0.00000 ( 1)
 183 L   0.97649 0.00000 0.02351 0.00000 ( 1)
 184 G   0.97744 0.00000 0.02256 0.00000 ( 1)
 185 M   0.98692 0.00000 0.01308 0.00000 ( 1)
 186 E   0.98363 0.00000 0.01637 0.00000 ( 1)
 187 G   0.97742 0.00000 0.02258 0.00000 ( 1)
 188 S   0.97255 0.00000 0.02745 0.00000 ( 1)
 189 V   0.97867 0.00000 0.02133 0.00000 ( 1)
 190 K   0.98253 0.00000 0.01747 0.00000 ( 1)
 191 L   0.97663 0.00000 0.02337 0.00000 ( 1)


lnL = -4710.222252

