

TREE # 1

  0  0.0000   5419.892596  x:  0.06428   0.04633   0.07019   0.18901   0.00402   0.00000   0.17646   0.02250   0.12347   0.13536   0.06882   0.03956   0.04975   0.06488   0.10735   0.06408   0.03958   0.04307   0.06983   0.02489   0.08845   0.05726   0.07083   0.15297   0.15109   0.24857   0.21980   0.20955   0.11743   0.06420   0.12778   0.09041   0.06550   0.11529   0.16467   0.22123   0.16241   0.11729   0.14616   0.02833   0.02411   2.00000   1.19891   0.16145   0.26295  
  1 99.0000   5118.855597  x:  0.09343   0.08739   0.09449   0.19883   0.13751   0.10122   0.19060   0.06504   0.14006   0.13929   0.08483   0.03720   0.04673   0.06848   0.16092   0.07436   0.05800   0.06752   0.04818   0.01937   0.10606   0.05754   0.06684   0.16095   0.17293   0.26089   0.24157   0.23071   0.13961   0.08799   0.16548   0.10916   0.07648   0.14917   0.19301   0.24559   0.18908   0.13371   0.18363   0.00420   0.00000   2.00232   1.21672   0.14409   0.11454  
  2 1746.6964   5079.969720  x:  0.09590   0.09015   0.09708   0.19969   0.13464   0.09973   0.19218   0.06710   0.14276   0.14010   0.08702   0.03708   0.04666   0.06910   0.16618   0.07572   0.05903   0.06895   0.04473   0.01973   0.10866   0.05800   0.06674   0.16259   0.17656   0.26311   0.24498   0.23297   0.14103   0.09013   0.17027   0.11150   0.07798   0.15344   0.19728   0.24799   0.19320   0.13579   0.18860   0.00000   0.00000   2.00232   1.22082   0.14008   0.08542  
  3 2175.7590   5004.899157  x:  0.11190   0.10738   0.12170   0.21369   0.10081   0.08618   0.21901   0.08095   0.17512   0.15378   0.10367   0.03431   0.04788   0.07356   0.20404   0.08453   0.06152   0.07378   0.00000   0.01377   0.13134   0.06217   0.06939   0.18561   0.21730   0.29722   0.29183   0.26901   0.16469   0.11122   0.21514   0.12989   0.09450   0.19185   0.24132   0.28848   0.23767   0.15784   0.23626   0.00000   0.00000   1.98815   1.31096   0.05138   0.10351  
  4 553.9708   4943.125215  x:  0.14299   0.14092   0.16938   0.24078   0.03659   0.06082   0.27090   0.10797   0.23770   0.18020   0.13589   0.02891   0.05022   0.08217   0.27751   0.10162   0.06646   0.08330   0.00194   0.00254   0.17524   0.07023   0.07447   0.23010   0.29609   0.36316   0.38241   0.33875   0.21056   0.15209   0.30200   0.16550   0.12644   0.26622   0.32651   0.36684   0.32369   0.20051   0.32850   0.00000   0.00000   1.96081   1.48516  -0.12003   0.13670  
  5 10028.0847   4937.338832  x:  0.14657   0.14494   0.17644   0.24563   0.02824   0.05764   0.28024   0.11144   0.24788   0.18436   0.14000   0.02713   0.05014   0.08283   0.28791   0.10343   0.06655   0.08394   0.00214   0.02990   0.18157   0.07083   0.07503   0.23755   0.30898   0.37486   0.39831   0.35152   0.21902   0.15808   0.31552   0.17002   0.13101   0.27752   0.34018   0.38165   0.33772   0.20698   0.34301   0.00000   0.00000   1.95487   1.51892  -0.15321   0.14139  
  6 2541.2430   4867.640723  x:  0.10587   0.10423   0.16221   0.26189   0.05757   0.06022   0.31317   0.08325   0.25768   0.18388   0.11159   0.00000   0.03725   0.06204   0.25133   0.07733   0.04405   0.05594   0.00213   0.02915   0.16459   0.05170   0.06813   0.25040   0.32355   0.41317   0.44595   0.40181   0.25205   0.14336   0.31028   0.13783   0.11717   0.26509   0.34771   0.45183   0.35227   0.19932   0.34239   0.00000   0.00000   1.90702   1.70372  -0.33366   0.10501  
  7 415.4062   4794.023030  x:  0.07063   0.07075   0.12336   0.27691   0.08018   0.08493   0.35621   0.03197   0.24489   0.16911   0.07164   0.06336   0.07425   0.07876   0.18726   0.09075   0.13835   0.13071   0.00197   0.02742   0.15511   0.06442   0.07023   0.26488   0.31904   0.46216   0.50214   0.46718   0.29332   0.10620   0.27311   0.07819   0.08347   0.21813   0.32770   0.54987   0.34279   0.18722   0.31120   0.00000   0.00000   1.79797   2.05821  -0.67898   0.04166  
  8 1030.1665   4778.230397  x:  0.12584   0.12389   0.10622   0.26783   0.07158   0.08853   0.34693   0.05456   0.21481   0.14662   0.07560   0.06026   0.05152   0.07131   0.22078   0.08037   0.12164   0.11952   0.00193   0.02693   0.13712   0.05415   0.05338   0.24572   0.28939   0.45400   0.49174   0.45907   0.28491   0.09651   0.25795   0.09646   0.07644   0.20312   0.30179   0.55355   0.31487   0.18695   0.28831   0.00000   0.00000   1.73722   2.17372  -0.78947   0.02784  
  9 239.3120   4771.002366  x:  0.08537   0.10551   0.10545   0.24926   0.08810   0.07047   0.31084   0.05405   0.17952   0.10146   0.10004   0.04070   0.02474   0.06095   0.27942   0.09298   0.11913   0.13434   0.00191   0.02694   0.15347   0.06218   0.05392   0.20724   0.27360   0.42382   0.46648   0.43018   0.25966   0.09315   0.28186   0.10321   0.06716   0.23556   0.30689   0.53929   0.30669   0.15425   0.30013   0.00000   0.00000   1.68388   2.23984  -0.84837   0.02625  
 10 104.0159   4768.937066  x:  0.08379   0.10586   0.11338   0.23864   0.10160   0.05669   0.28803   0.05405   0.17112   0.08170   0.10198   0.02752   0.05429   0.07346   0.28022   0.08911   0.11426   0.13280   0.00190   0.02702   0.16104   0.04843   0.04706   0.18986   0.28009   0.40548   0.45222   0.41315   0.24363   0.09549   0.29337   0.09200   0.06237   0.24953   0.31401   0.52881   0.31214   0.15049   0.31545   0.00000   0.00000   1.65764   2.26468  -0.86841   0.02587  
 11 85.8963   4767.511098  x:  0.09197   0.11019   0.12059   0.22745   0.11331   0.04613   0.26586   0.05685   0.17391   0.07353   0.10092   0.01771   0.05239   0.06602   0.26020   0.08343   0.11681   0.13302   0.00189   0.02705   0.16455   0.05908   0.06264   0.18360   0.29760   0.38686   0.43847   0.39681   0.22833   0.10323   0.30110   0.07946   0.05970   0.25667   0.32044   0.51598   0.32079   0.15594   0.32993   0.00000   0.00000   1.63202   2.28397  -0.88200   0.02523  
 12 69.3109   4766.573726  x:  0.09124   0.10856   0.12167   0.21819   0.11772   0.04323   0.25110   0.06149   0.18277   0.07382   0.10165   0.01977   0.03999   0.06139   0.24497   0.08476   0.12333   0.13490   0.00188   0.02702   0.16583   0.05006   0.04863   0.18891   0.31525   0.37257   0.42887   0.38576   0.21893   0.11241   0.30618   0.07908   0.05881   0.25842   0.32391   0.50446   0.32764   0.15962   0.33745   0.00000   0.00000   1.61108   2.29683  -0.88922   0.02512  
 13 58.2334   4765.804220  x:  0.08359   0.10228   0.11562   0.20968   0.11672   0.05098   0.24276   0.06694   0.19831   0.07632   0.09791   0.02419   0.03970   0.07614   0.24683   0.08477   0.11896   0.12567   0.00185   0.02687   0.16322   0.05494   0.05166   0.20243   0.33227   0.35959   0.42246   0.37934   0.21518   0.11893   0.30862   0.08743   0.05646   0.25478   0.32396   0.49183   0.33366   0.16047   0.33799   0.00000   0.00000   1.58613   2.30953  -0.89344   0.02407  
 14 31.6019   4764.366449  x:  0.08603   0.10341   0.10478   0.20294   0.11020   0.06129   0.24167   0.05820   0.22550   0.06581   0.08080   0.02084   0.04351   0.06621   0.27372   0.09214   0.11948   0.12565   0.00177   0.02650   0.15781   0.05122   0.05314   0.22073   0.35586   0.34437   0.42519   0.38063   0.21817   0.10694   0.30945   0.07493   0.04467   0.24842   0.32747   0.47573   0.34997   0.16285   0.33949   0.00000   0.00000   1.54108   2.32815  -0.89080   0.02465  
 15 28.6304   4760.972554  x:  0.08728   0.10669   0.10234   0.21189   0.10011   0.07513   0.26419   0.04038   0.25415   0.02752   0.09704   0.02082   0.05969   0.04443   0.28151   0.07801   0.11503   0.13268   0.00153   0.02547   0.16353   0.05389   0.05180   0.22860   0.37989   0.32765   0.44758   0.39536   0.24208   0.10140   0.30218   0.08673   0.09005   0.24697   0.33967   0.45342   0.37346   0.15890   0.33102   0.00000   0.00000   1.43714   2.37725  -0.88038   0.02405  
 16 38.0193   4755.623735  x:  0.09146   0.11328   0.11402   0.23754   0.08844   0.07160   0.30854   0.07892   0.27155   0.00000   0.11680   0.00775   0.03527   0.08081   0.27530   0.07875   0.11392   0.14464   0.00115   0.02379   0.17661   0.04966   0.05458   0.20908   0.40640   0.32879   0.49097   0.41999   0.27192   0.07014   0.30204   0.07583   0.09657   0.25126   0.35591   0.44187   0.39552   0.15405   0.33156   0.00000   0.00000   1.30213   2.45594  -0.86181   0.02513  
 17 81.9277   4748.506195  x:  0.10201   0.12189   0.12345   0.26881   0.08684   0.05655   0.34837   0.08149   0.25156   0.04744   0.10548   0.00822   0.05151   0.06535   0.27245   0.12505   0.10373   0.13336   0.00060   0.02151   0.19189   0.06095   0.05194   0.17347   0.42772   0.35494   0.51842   0.43890   0.30054   0.10074   0.33018   0.11696   0.05171   0.27095   0.36733   0.45269   0.38738   0.15942   0.35155   0.00000   0.00000   1.17740   2.58235  -0.84807   0.02601  
 18 71.3413   4741.967442  x:  0.10888   0.12816   0.13206   0.27449   0.08000   0.05298   0.35138   0.06544   0.21512   0.06519   0.11971   0.03760   0.04005   0.07565   0.30318   0.08568   0.11060   0.12205   0.00014   0.01952   0.18534   0.04341   0.06712   0.22107   0.41814   0.38617   0.51235   0.43932   0.30160   0.14499   0.35406   0.09451   0.03683   0.30061   0.38128   0.47875   0.37150   0.18242   0.38550   0.00000   0.00000   1.16032   2.70534  -0.84934   0.02816  
 19 61.8347   4740.289706  x:  0.10766   0.12716   0.13438   0.26996   0.07181   0.06017   0.34600   0.07759   0.21574   0.06386   0.11303   0.02965   0.04347   0.07451   0.30750   0.08674   0.10983   0.12332   0.00003   0.01902   0.18097   0.05785   0.05442   0.22863   0.41302   0.39352   0.50739   0.43650   0.29687   0.14947   0.35885   0.08646   0.04810   0.30460   0.38345   0.48513   0.37204   0.18605   0.39080   0.00000   0.00000   1.17763   2.73840  -0.85380   0.02862  
 20 59.0027   4739.987946  x:  0.10752   0.12759   0.13534   0.26787   0.06914   0.06438   0.34303   0.07906   0.22056   0.06159   0.11326   0.02806   0.04337   0.07340   0.30581   0.09200   0.10944   0.12337   0.00001   0.01892   0.18256   0.04947   0.06215   0.22630   0.41239   0.39371   0.50569   0.43499   0.29441   0.14690   0.36066   0.09080   0.05123   0.30294   0.38264   0.48548   0.37504   0.18482   0.38976   0.00000   0.00000   1.18856   2.74729  -0.85557   0.02864  
 21 23.1092   4739.295708  x:  0.11178   0.13433   0.13788   0.26573   0.07212   0.06609   0.33671   0.06691   0.23622   0.05358   0.12097   0.03702   0.03897   0.07630   0.30532   0.08692   0.11169   0.11033   0.00001   0.01891   0.19356   0.05600   0.05645   0.21446   0.41532   0.39141   0.50517   0.43118   0.28624   0.13089   0.36617   0.10250   0.04361   0.29548   0.38054   0.48423   0.38815   0.17896   0.38828   0.00000   0.00000   1.21938   2.76943  -0.85363   0.02941  
 22 12.6598   4735.615895  x:  0.10616   0.15035   0.12710   0.26713   0.09092   0.04280   0.32191   0.08796   0.27581   0.05876   0.12101   0.05750   0.04157   0.07207   0.33134   0.08908   0.11339   0.09902   0.00005   0.01914   0.15877   0.05011   0.06542   0.18055   0.42607   0.38111   0.50980   0.40588   0.24512   0.12566   0.35432   0.11538   0.07630   0.28758   0.38392   0.46379   0.41363   0.16093   0.38815   0.00000   0.00000   1.33161   2.88808  -0.81810   0.03234  
 23 16.3681   4731.851673  x:  0.10761   0.15312   0.14033   0.26760   0.06173   0.09193   0.30430   0.08949   0.28425   0.05664   0.14379   0.03121   0.04419   0.07016   0.32126   0.09992   0.06311   0.12899   0.00007   0.01906   0.18421   0.04880   0.06579   0.19727   0.41500   0.36382   0.49777   0.39550   0.22271   0.12667   0.35118   0.11865   0.06233   0.29623   0.37968   0.43868   0.41922   0.17213   0.38834   0.00000   0.00000   1.41750   2.99821  -0.78013   0.03299  
 24 44.9085   4730.388996  x:  0.11079   0.15102   0.14638   0.26728   0.04193   0.11865   0.29530   0.08917   0.27915   0.04868   0.13585   0.00000   0.04241   0.07352   0.31603   0.09998   0.08670   0.11301   0.00009   0.01899   0.19892   0.04507   0.06730   0.20594   0.40478   0.35970   0.48757   0.39428   0.22633   0.12959   0.35977   0.12713   0.06291   0.30293   0.37891   0.43419   0.41561   0.17553   0.38905   0.00000   0.00000   1.44004   3.03534  -0.76300   0.03337  
 25 49.3792   4729.026478  x:  0.11172   0.14420   0.15463   0.26551   0.03411   0.12908   0.28806   0.10823   0.27005   0.03394   0.11509   0.00000   0.04148   0.05978   0.31024   0.10941   0.07059   0.09088   0.00010   0.01896   0.21148   0.04413   0.06928   0.20309   0.39978   0.36294   0.47947   0.39526   0.23972   0.11885   0.37333   0.11247   0.07215   0.31159   0.38424   0.44302   0.41391   0.17408   0.39458   0.00000   0.00000   1.43251   3.03446  -0.75897   0.03268  
 26 26.0098   4728.807340  x:  0.11417   0.13992   0.15664   0.26346   0.02900   0.13339   0.27819   0.11084   0.26941   0.03700   0.11388   0.00000   0.04248   0.05785   0.30906   0.10119   0.06782   0.09736   0.00010   0.01893   0.19948   0.04387   0.06941   0.19665   0.40280   0.36432   0.47030   0.39708   0.25276   0.11007   0.38495   0.11500   0.07183   0.31409   0.38554   0.45293   0.41521   0.17193   0.39417   0.00000   0.00000   1.42995   3.03398  -0.75596   0.03272  
 27 12.1449   4728.686427  x:  0.11607   0.14053   0.15688   0.26274   0.02797   0.13353   0.26789   0.10942   0.26862   0.03777   0.12144   0.00000   0.04277   0.05934   0.30845   0.10815   0.06859   0.09377   0.00010   0.01892   0.19579   0.04467   0.06924   0.19932   0.40442   0.36584   0.46109   0.39786   0.26487   0.10580   0.38930   0.11263   0.07479   0.31385   0.38601   0.46296   0.41574   0.17259   0.39136   0.00000   0.00000   1.43065   3.03786  -0.75143   0.03272  
 28 10.4546   4728.541703  x:  0.11434   0.14495   0.15618   0.26243   0.02833   0.12872   0.25694   0.10975   0.27173   0.03493   0.11561   0.00000   0.04028   0.06243   0.31122   0.10686   0.06795   0.09724   0.00010   0.01893   0.20573   0.04397   0.06937   0.20035   0.40557   0.37020   0.45205   0.39900   0.27730   0.11050   0.38823   0.11392   0.07673   0.31062   0.38528   0.47627   0.41725   0.17481   0.38721   0.00000   0.00000   1.43296   3.04270  -0.74462   0.03293  
 29  6.7641   4728.248055  x:  0.10939   0.14525   0.15981   0.26118   0.02603   0.12557   0.25345   0.12348   0.27962   0.03459   0.12415   0.00000   0.04699   0.05309   0.31617   0.09963   0.07286   0.09490   0.00010   0.01892   0.21345   0.04324   0.07016   0.20287   0.40820   0.37833   0.44735   0.40097   0.28133   0.11477   0.38029   0.11345   0.06839   0.30931   0.38168   0.49272   0.41842   0.17279   0.38755   0.00000   0.00000   1.43541   3.04806  -0.73411   0.03284  
 30  5.7880   4725.897088  x:  0.12469   0.13094   0.19095   0.25891   0.02132   0.11315   0.27940   0.11242   0.31386   0.01177   0.12665   0.00000   0.03604   0.06182   0.33569   0.10640   0.06662   0.09282   0.00010   0.01897   0.18563   0.04771   0.06248   0.19744   0.42098   0.41564   0.45371   0.42826   0.26420   0.14891   0.34337   0.11337   0.05597   0.34035   0.38097   0.58250   0.42670   0.16809   0.42915   0.00000   0.00000   1.45723   3.07703  -0.65908   0.03160  
 31 10.6394   4721.622830  x:  0.11030   0.15487   0.17373   0.27352   0.02573   0.08005   0.34554   0.10620   0.31029   0.04815   0.11443   0.00000   0.03186   0.06496   0.35838   0.08985   0.06767   0.08733   0.00011   0.01913   0.20270   0.04842   0.05404   0.23834   0.44756   0.44636   0.49516   0.46225   0.22682   0.11589   0.41813   0.10871   0.08857   0.37968   0.39873   0.67226   0.41553   0.20383   0.45438   0.00000   0.00000   1.53083   3.16578  -0.51792   0.02981  
 32 29.4540   4719.895639  x:  0.11679   0.15578   0.13879   0.29841   0.02698   0.05927   0.35889   0.12327   0.28055   0.02934   0.12091   0.00000   0.03292   0.06262   0.36045   0.08714   0.06440   0.08756   0.00011   0.01918   0.18869   0.05233   0.04994   0.25213   0.44909   0.44167   0.54087   0.48209   0.26482   0.15521   0.46699   0.09852   0.06902   0.35750   0.42502   0.66165   0.45051   0.19656   0.46205   0.00000   0.00000   1.58274   3.19950  -0.47043   0.02977  
 33 26.5500   4719.604782  x:  0.11668   0.15360   0.14850   0.30572   0.02385   0.06272   0.35187   0.12056   0.27212   0.04775   0.12183   0.00000   0.03011   0.06377   0.36969   0.08385   0.06455   0.08377   0.00011   0.01915   0.19206   0.05153   0.04851   0.24210   0.45220   0.44147   0.54917   0.48461   0.28044   0.16071   0.46080   0.08656   0.07314   0.35270   0.43100   0.64350   0.46133   0.19542   0.46080   0.00000   0.00000   1.59234   3.20737  -0.46672   0.02926  
 34 13.1178   4719.492647  x:  0.11605   0.15197   0.15776   0.30734   0.02937   0.05605   0.33825   0.12190   0.26816   0.05056   0.11822   0.00000   0.03058   0.06291   0.37027   0.08380   0.06464   0.08422   0.00011   0.01917   0.18935   0.05198   0.04842   0.25047   0.44695   0.44994   0.55772   0.48683   0.29023   0.15100   0.45106   0.09498   0.07155   0.35791   0.43437   0.62723   0.46526   0.19845   0.46451   0.00000   0.00000   1.59511   3.21101  -0.46663   0.02923  
 35  6.1568   4719.440570  x:  0.11804   0.15205   0.14795   0.30168   0.02924   0.05797   0.32839   0.12138   0.26819   0.05282   0.11935   0.00000   0.03037   0.06346   0.36897   0.08303   0.06444   0.08380   0.00011   0.01917   0.19199   0.05179   0.04848   0.24931   0.44615   0.45896   0.56470   0.48832   0.29331   0.14811   0.44610   0.09591   0.07241   0.36254   0.43771   0.62107   0.46276   0.19609   0.47171   0.00000   0.00000   1.59509   3.21301  -0.46628   0.02929  
 36  3.6312   4719.362719  x:  0.10861   0.16107   0.14889   0.29573   0.02734   0.06212   0.31649   0.11940   0.26756   0.05085   0.12150   0.00000   0.03008   0.06348   0.36894   0.08341   0.06346   0.08285   0.00011   0.01914   0.18721   0.05204   0.04843   0.24475   0.44571   0.47008   0.57647   0.48894   0.28935   0.15038   0.44869   0.09474   0.07195   0.35830   0.43938   0.61912   0.46144   0.20148   0.47408   0.00000   0.00000   1.58945   3.21391  -0.46745   0.02928  
 37  2.2940   4719.091868  x:  0.11913   0.15293   0.16192   0.28674   0.02773   0.06670   0.29094   0.11907   0.26279   0.05318   0.12246   0.00000   0.02983   0.06399   0.37576   0.08341   0.06280   0.08301   0.00011   0.01911   0.19091   0.05155   0.04920   0.25051   0.44491   0.48631   0.60102   0.48273   0.27138   0.15651   0.46449   0.09363   0.07802   0.34237   0.43657   0.62421   0.46217   0.18901   0.47091   0.00000   0.00000   1.57517   3.22612  -0.47278   0.02949  
 38  3.7488   4717.635683  x:  0.12647   0.14980   0.15277   0.29259   0.03376   0.06850   0.26045   0.13378   0.27536   0.05848   0.13264   0.00000   0.03029   0.06190   0.39777   0.07845   0.05827   0.07521   0.00012   0.01885   0.19060   0.05163   0.05104   0.23984   0.43793   0.44587   0.62827   0.43419   0.26100   0.17472   0.47301   0.08987   0.07216   0.40818   0.42990   0.65169   0.49717   0.20961   0.44360   0.00000   0.00000   1.53559   3.28974  -0.53643   0.03069  
 39  3.9737   4716.455812  x:  0.10915   0.18798   0.16772   0.30054   0.03347   0.06923   0.27631   0.14408   0.27843   0.05553   0.13541   0.00000   0.02845   0.06094   0.41065   0.07630   0.05463   0.07149   0.00013   0.01861   0.19184   0.05149   0.05355   0.24731   0.45130   0.41284   0.57489   0.43537   0.27402   0.17607   0.48049   0.09519   0.07791   0.40465   0.42809   0.64050   0.48584   0.17483   0.51102   0.00000   0.00000   1.51850   3.35640  -0.58955   0.03193  
 40 11.3527   4716.052816  x:  0.11546   0.17088   0.16932   0.29112   0.04136   0.06264   0.29624   0.15068   0.28247   0.04242   0.14412   0.00000   0.02828   0.05943   0.42301   0.07591   0.05440   0.07015   0.00013   0.01858   0.19452   0.05074   0.05406   0.23578   0.46440   0.43104   0.53106   0.45184   0.27372   0.17869   0.48889   0.09741   0.07822   0.39246   0.44342   0.61554   0.47436   0.19914   0.51708   0.00000   0.00000   1.51354   3.37952  -0.60990   0.03221  
 41 10.3372   4715.964220  x:  0.11545   0.17797   0.17219   0.28729   0.04191   0.06318   0.30431   0.15022   0.28317   0.03863   0.14336   0.00000   0.02804   0.05981   0.42165   0.07623   0.05416   0.06992   0.00013   0.01855   0.19333   0.05075   0.05408   0.23782   0.47217   0.44766   0.51652   0.45266   0.27228   0.18264   0.49309   0.09490   0.07505   0.40253   0.45136   0.60463   0.47573   0.18750   0.50262   0.00000   0.00000   1.51281   3.38475  -0.61515   0.03218  
 42  4.6619   4715.809896  x:  0.11463   0.17688   0.16977   0.29226   0.03989   0.06866   0.31172   0.14922   0.27245   0.02914   0.14342   0.00000   0.02739   0.06007   0.42337   0.07797   0.05578   0.07133   0.00014   0.01849   0.19474   0.05003   0.05429   0.23712   0.49172   0.46649   0.51517   0.43171   0.27940   0.18194   0.49759   0.09539   0.07751   0.40831   0.42666   0.59955   0.48692   0.19072   0.51013   0.00000   0.00000   1.51336   3.38833  -0.62921   0.03205  
 43  0.8257   4714.413424  x:  0.11277   0.18638   0.17396   0.32133   0.04267   0.07693   0.29098   0.15303   0.30910   0.02166   0.15269   0.00000   0.02730   0.05901   0.43153   0.09252   0.06654   0.08898   0.00016   0.01796   0.20414   0.04578   0.05686   0.22145   0.48703   0.45575   0.54203   0.44173   0.28263   0.18828   0.52676   0.08537   0.06982   0.42779   0.47272   0.60659   0.48626   0.18496   0.52528   0.00000   0.00000   1.49048   3.38394  -0.78473   0.03035  
 44  1.8438   4714.243229  x:  0.11090   0.19011   0.17549   0.29118   0.04430   0.07471   0.29335   0.15610   0.28954   0.02318   0.15221   0.00000   0.02754   0.05859   0.43299   0.09450   0.06784   0.09054   0.00016   0.01789   0.20613   0.04566   0.05751   0.22060   0.49632   0.44327   0.54825   0.46487   0.28081   0.18719   0.52142   0.08859   0.06954   0.43164   0.47352   0.61384   0.50317   0.18463   0.52311   0.00000   0.00000   1.49018   3.38095  -0.80226   0.03043  
 45  5.9941   4714.226314  x:  0.11051   0.19069   0.17506   0.28541   0.04561   0.07328   0.29608   0.15576   0.29282   0.02667   0.15270   0.00000   0.02743   0.05890   0.43236   0.09456   0.06764   0.09077   0.00016   0.01789   0.20614   0.04558   0.05751   0.22028   0.48644   0.44499   0.54635   0.46654   0.28163   0.18839   0.52504   0.08663   0.07041   0.43203   0.46855   0.61198   0.51083   0.18453   0.52543   0.00000   0.00000   1.48697   3.37900  -0.80669   0.03034  
 46  1.0127   4713.911157  x:  0.11028   0.19206   0.16236   0.31429   0.04569   0.08709   0.28034   0.16203   0.28197   0.02288   0.14841   0.00000   0.03150   0.05986   0.43458   0.09014   0.06579   0.08787   0.00018   0.01748   0.20450   0.04779   0.05537   0.22062   0.49174   0.45136   0.53725   0.49306   0.25890   0.18639   0.53374   0.08427   0.07228   0.44084   0.46159   0.60696   0.53959   0.18396   0.53530   0.00000   0.00000   1.47243   3.31983  -0.94283   0.02955  
 47  0.5105   4713.487880  x:  0.11311   0.19137   0.17719   0.28154   0.04805   0.10096   0.29517   0.16522   0.28383   0.01116   0.14210   0.00000   0.03656   0.06169   0.43757   0.08409   0.06400   0.08467   0.00020   0.01694   0.20386   0.05040   0.05226   0.22202   0.50253   0.44497   0.55761   0.46034   0.28425   0.18532   0.54764   0.08121   0.06724   0.44373   0.47886   0.60249   0.52558   0.18393   0.54324   0.00000   0.00000   1.46776   3.25048  -1.12326   0.02860  
 48  8.4962   4713.476597  x:  0.11360   0.19122   0.17904   0.28046   0.04932   0.09901   0.29343   0.16554   0.28769   0.00965   0.14234   0.00000   0.03658   0.06172   0.43796   0.08403   0.06374   0.08462   0.00020   0.01692   0.20368   0.05049   0.05216   0.22130   0.50539   0.44283   0.56044   0.46612   0.28651   0.18747   0.55111   0.07876   0.06747   0.44768   0.47067   0.59941   0.51930   0.18332   0.54173   0.00000   0.00000   1.46915   3.24863  -1.12936   0.02860  
 49  0.8162   4712.991104  x:  0.11446   0.19330   0.17187   0.27148   0.06481   0.11721   0.29529   0.17299   0.28593   0.01062   0.13134   0.00000   0.02511   0.05875   0.43748   0.08470   0.05895   0.08402   0.00023   0.01610   0.19808   0.05083   0.05279   0.22803   0.51185   0.43566   0.55830   0.46158   0.28093   0.18267   0.55638   0.06796   0.06972   0.44456   0.47819   0.58799   0.52229   0.18163   0.54765   0.00000   0.00000   1.46384   3.18028  -1.40132   0.02928  
 50  0.2782   4712.607486  x:  0.10987   0.19444   0.16515   0.27095   0.08082   0.13827   0.29555   0.17346   0.29602   0.01437   0.13171   0.00000   0.03181   0.06325   0.43102   0.08474   0.06486   0.08138   0.00029   0.01553   0.19688   0.04618   0.05541   0.23099   0.51025   0.43837   0.55417   0.46336   0.27688   0.17847   0.54751   0.06894   0.06762   0.43073   0.47974   0.58487   0.51934   0.18341   0.54177   0.00000   0.00000   1.47745   3.20912  -1.58601   0.03013  
 51  0.0951   4712.394524  x:  0.10772   0.19266   0.15749   0.27602   0.09415   0.15257   0.28845   0.17107   0.29592   0.00783   0.13597   0.00000   0.02874   0.06126   0.42568   0.08545   0.06117   0.08586   0.00033   0.01554   0.20015   0.04792   0.05234   0.22603   0.51211   0.44617   0.55071   0.46347   0.26610   0.17584   0.53371   0.07403   0.06525   0.42222   0.47077   0.59066   0.52578   0.18408   0.53043   0.00000   0.00000   1.49014   3.23058  -1.75354   0.02957  
 52  0.0890   4712.289743  x:  0.10956   0.19074   0.16253   0.26816   0.10325   0.15666   0.28290   0.16745   0.29124   0.00921   0.13699   0.00000   0.02873   0.06018   0.42852   0.08345   0.06411   0.08195   0.00038   0.01610   0.19619   0.05081   0.05213   0.22638   0.50597   0.44218   0.54960   0.46244   0.26660   0.17798   0.52822   0.07843   0.07141   0.42471   0.46475   0.58605   0.52337   0.17861   0.52695   0.00000   0.00000   1.48127   3.20794  -1.92778   0.02985  
 53  0.0685   4712.185332  x:  0.10966   0.19053   0.16309   0.27367   0.10721   0.15154   0.28966   0.16053   0.28740   0.01305   0.13828   0.00000   0.03078   0.05958   0.43157   0.08544   0.05922   0.08278   0.00043   0.01700   0.19801   0.04632   0.05496   0.22629   0.49817   0.44258   0.55292   0.46500   0.26960   0.18105   0.52851   0.07896   0.07571   0.43013   0.46618   0.58683   0.52350   0.17871   0.52719   0.00000   0.00000   1.48045   3.18833  -2.07028   0.02979  
 54  0.0587   4711.971943  x:  0.10565   0.19221   0.15704   0.28144   0.10569   0.13458   0.30215   0.15052   0.28330   0.01704   0.13793   0.00000   0.02963   0.05927   0.43361   0.08131   0.06385   0.08774   0.00054   0.01843   0.19927   0.04909   0.04969   0.22331   0.48830   0.44898   0.55561   0.47334   0.26876   0.18681   0.53709   0.07024   0.07664   0.43934   0.47321   0.58981   0.51861   0.18377   0.53210   0.00000   0.00000   1.48312   3.23067  -2.27540   0.02997  
 55  0.0583   4711.580842  x:  0.10563   0.18959   0.15781   0.27088   0.09311   0.11572   0.29509   0.14631   0.27816   0.01021   0.13399   0.00000   0.02786   0.05881   0.42508   0.08814   0.06389   0.07752   0.00078   0.01923   0.19892   0.04813   0.05477   0.22325   0.49635   0.44914   0.56387   0.47289   0.27537   0.18445   0.54359   0.06396   0.06373   0.43883   0.47255   0.59423   0.51264   0.18466   0.53519   0.00000   0.00000   1.47645   3.26317  -2.72554   0.02985  
 56  0.1278   4711.226114  x:  0.10880   0.18259   0.16511   0.26802   0.07749   0.11056   0.28456   0.15239   0.28727   0.01323   0.13451   0.00000   0.03158   0.06068   0.42170   0.08176   0.05792   0.08537   0.00107   0.01897   0.19279   0.04882   0.05280   0.22593   0.50230   0.43873   0.54573   0.46315   0.27902   0.18226   0.53685   0.06905   0.05855   0.42807   0.46607   0.59860   0.51706   0.18311   0.53315   0.00000   0.00000   1.46449   3.28047  -3.36155   0.03072  
 57  0.3125   4710.888670  x:  0.10943   0.18144   0.16144   0.29295   0.07091   0.11498   0.29459   0.15652   0.30227   0.01270   0.14022   0.00000   0.02787   0.05958   0.42128   0.08291   0.06539   0.08123   0.00157   0.01766   0.19818   0.04612   0.05099   0.21897   0.50372   0.43974   0.53941   0.46788   0.27835   0.18413   0.52821   0.07462   0.06758   0.41992   0.46454   0.60899   0.53312   0.18113   0.52365   0.00000   0.00000   1.45474   3.27144  -4.58640   0.03026  
 58  0.4035   4710.595692  x:  0.10715   0.18724   0.16165   0.27494   0.06630   0.11661   0.30123   0.16463   0.29261   0.00691   0.13655   0.00000   0.03086   0.05856   0.42056   0.08586   0.05988   0.08315   0.00228   0.01591   0.19570   0.05135   0.05215   0.22194   0.51059   0.44956   0.56083   0.47027   0.28946   0.18522   0.53114   0.06842   0.07453   0.42461   0.46959   0.59370   0.52311   0.18389   0.52402   0.00000   0.00000   1.45762   3.30483  -6.32500   0.03025  
 59  0.6726   4710.433473  x:  0.10740   0.18883   0.16059   0.28116   0.06909   0.11792   0.29900   0.16538   0.28903   0.00672   0.13818   0.00000   0.02818   0.06033   0.41955   0.07913   0.06137   0.08279   0.00304   0.01508   0.19470   0.04556   0.05430   0.22326   0.50134   0.44528   0.55640   0.47273   0.28295   0.18444   0.53022   0.07259   0.06986   0.42645   0.46690   0.59578   0.51776   0.18248   0.52724   0.00000   0.00000   1.45815   3.29431  -8.24475   0.03027  
 60  0.8332   4710.306917  x:  0.10917   0.18727   0.16158   0.28475   0.07393   0.11410   0.29512   0.16326   0.28591   0.01647   0.13949   0.00000   0.02924   0.06063   0.42292   0.08606   0.06183   0.08229   0.00397   0.01506   0.19547   0.04804   0.05051   0.22104   0.48942   0.44353   0.54870   0.46944   0.27628   0.18358   0.52737   0.07232   0.06904   0.42810   0.46602   0.60139   0.51577   0.18139   0.53083   0.00000   0.00000   1.46269   3.28039  -10.58726   0.03048  
 61  1.2161   4710.250205  x:  0.10863   0.18749   0.16442   0.27662   0.07678   0.11264   0.29487   0.16276   0.28213   0.01639   0.13767   0.00000   0.02960   0.05985   0.42540   0.08317   0.06161   0.08361   0.00476   0.01543   0.19709   0.04889   0.05374   0.22026   0.49443   0.44806   0.55217   0.46818   0.27826   0.18351   0.53154   0.07138   0.06628   0.43060   0.46649   0.59816   0.51615   0.18207   0.52851   0.00000   0.00000   1.46443   3.27206  -12.56930   0.03031  
 62  1.0450   4710.226107  x:  0.10859   0.18765   0.16294   0.27785   0.07711   0.11603   0.29459   0.16340   0.28758   0.01223   0.13684   0.00000   0.02938   0.06001   0.42576   0.08336   0.06125   0.08269   0.00541   0.01586   0.19556   0.04789   0.05191   0.22217   0.49957   0.44522   0.55069   0.46819   0.27925   0.18320   0.53408   0.07173   0.06680   0.42890   0.46694   0.59734   0.51943   0.18249   0.52816   0.00000   0.00000   1.46282   3.27794  -14.17328   0.03035  
 63  0.7626   4710.222564  x:  0.10827   0.18778   0.16188   0.27928   0.07595   0.11656   0.29484   0.16256   0.28925   0.01237   0.13753   0.00000   0.02938   0.06004   0.42500   0.08366   0.06166   0.08303   0.00557   0.01611   0.19607   0.04825   0.05254   0.22197   0.49977   0.44491   0.55116   0.46875   0.27936   0.18333   0.53317   0.07144   0.06781   0.42757   0.46775   0.59755   0.52061   0.18237   0.52854   0.00000   0.00000   1.46299   3.28087  -14.56416   0.03031  
 64  0.2839   4710.222283  x:  0.10831   0.18776   0.16199   0.27858   0.07545   0.11715   0.29481   0.16240   0.28888   0.01209   0.13754   0.00000   0.02943   0.05998   0.42456   0.08358   0.06154   0.08298   0.00559   0.01617   0.19608   0.04824   0.05243   0.22195   0.50014   0.44491   0.55151   0.46852   0.27917   0.18342   0.53261   0.07136   0.06796   0.42761   0.46755   0.59711   0.52017   0.18230   0.52866   0.00000   0.00000   1.46281   3.28017  -14.61676   0.03031  
 65  0.0368   4710.222255  x:  0.10835   0.18775   0.16211   0.27875   0.07529   0.11728   0.29493   0.16239   0.28884   0.01217   0.13755   0.00000   0.02942   0.05999   0.42445   0.08358   0.06156   0.08297   0.00558   0.01618   0.19607   0.04823   0.05245   0.22197   0.49998   0.44498   0.55151   0.46851   0.27903   0.18351   0.53256   0.07137   0.06793   0.42779   0.46748   0.59725   0.52008   0.18236   0.52875   0.00000   0.00000   1.46268   3.27982  -14.60597   0.03032  
 66  0.0081   4710.222253  x:  0.10835   0.18776   0.16211   0.27876   0.07531   0.11734   0.29493   0.16243   0.28880   0.01221   0.13754   0.00000   0.02942   0.05998   0.42443   0.08359   0.06156   0.08298   0.00558   0.01618   0.19606   0.04823   0.05245   0.22194   0.49994   0.44501   0.55149   0.46852   0.27901   0.18353   0.53258   0.07136   0.06790   0.42779   0.46749   0.59726   0.52008   0.18235   0.52876   0.00000   0.00000   1.46276   3.27965  -14.60538   0.03031  
 67  0.0004   4710.222252  x:  0.10835   0.18777   0.16212   0.27875   0.07531   0.11733   0.29492   0.16247   0.28878   0.01221   0.13754   0.00000   0.02942   0.05998   0.42443   0.08359   0.06156   0.08298   0.00558   0.01619   0.19607   0.04823   0.05245   0.22194   0.49994   0.44501   0.55149   0.46853   0.27903   0.18354   0.53262   0.07135   0.06790   0.42779   0.46749   0.59727   0.52008   0.18235   0.52877   0.00000   0.00000   1.46276   3.27974  -14.60417   0.03031  
 68  0.0006   4710.222252  x:  0.10835   0.18777   0.16211   0.27875   0.07532   0.11733   0.29491   0.16248   0.28879   0.01221   0.13754   0.00000   0.02942   0.05999   0.42443   0.08359   0.06156   0.08298   0.00558   0.01619   0.19607   0.04823   0.05245   0.22194   0.49994   0.44501   0.55149   0.46852   0.27903   0.18354   0.53261   0.07135   0.06791   0.42779   0.46749   0.59727   0.52007   0.18235   0.52877   0.00000   0.00000   1.46275   3.27970  -14.60539   0.03031  
 69  0.0013   4710.222252  x:  0.10835   0.18777   0.16211   0.27875   0.07532   0.11732   0.29491   0.16248   0.28879   0.01221   0.13755   0.00000   0.02942   0.05999   0.42443   0.08359   0.06156   0.08298   0.00558   0.01619   0.19606   0.04823   0.05245   0.22194   0.49994   0.44501   0.55148   0.46852   0.27903   0.18354   0.53261   0.07135   0.06791   0.42778   0.46749   0.59727   0.52007   0.18235   0.52876   0.00000   0.00000   1.46274   3.27969  -14.60492   0.03031  
 70  0.0012   4710.222252  x:  0.10835   0.18777   0.16211   0.27875   0.07532   0.11732   0.29491   0.16249   0.28879   0.01221   0.13755   0.00000   0.02942   0.05999   0.42443   0.08359   0.06156   0.08298   0.00558   0.01619   0.19606   0.04823   0.05245   0.22194   0.49994   0.44501   0.55148   0.46852   0.27903   0.18354   0.53261   0.07135   0.06791   0.42778   0.46749   0.59727   0.52007   0.18235   0.52876   0.00000   0.00000   1.46274   3.27970  -14.60503   0.03031  
 71  0.0003   4710.222252  x:  0.10835   0.18777   0.16211   0.27875   0.07532   0.11732   0.29491   0.16249   0.28879   0.01221   0.13755   0.00000   0.02942   0.05999   0.42443   0.08359   0.06156   0.08298   0.00558   0.01619   0.19606   0.04823   0.05245   0.22194   0.49994   0.44501   0.55148   0.46852   0.27903   0.18354   0.53261   0.07135   0.06791   0.42778   0.46749   0.59727   0.52007   0.18235   0.52876   0.00000   0.00000   1.46274   3.27971  -14.60492   0.03031  
 72  0.0006   4710.222252  x:  0.10835   0.18777   0.16211   0.27875   0.07532   0.11732   0.29491   0.16249   0.28879   0.01221   0.13755   0.00000   0.02942   0.05999   0.42443   0.08359   0.06156   0.08298   0.00558   0.01619   0.19606   0.04823   0.05245   0.22194   0.49994   0.44501   0.55148   0.46852   0.27903   0.18354   0.53261   0.07135   0.06791   0.42778   0.46749   0.59727   0.52007   0.18235   0.52876   0.00000   0.00000   1.46274   3.27972  -14.60486   0.03031  
 73  0.0003   4710.222252  x:  0.10835   0.18777   0.16211   0.27875   0.07532   0.11732   0.29491   0.16249   0.28879   0.01221   0.13755   0.00000   0.02942   0.05999   0.42443   0.08359   0.06156   0.08298   0.00558   0.01619   0.19606   0.04823   0.05245   0.22194   0.49994   0.44501   0.55148   0.46852   0.27903   0.18354   0.53260   0.07135   0.06791   0.42778   0.46749   0.59727   0.52007   0.18235   0.52876   0.00000   0.00000   1.46274   3.27973  -14.60492   0.03031  
 74  0.0002   4710.222252  x:  0.10835   0.18777   0.16211   0.27875   0.07532   0.11732   0.29491   0.16249   0.28879   0.01221   0.13755   0.00000   0.02942   0.05999   0.42443   0.08359   0.06156   0.08298   0.00558   0.01619   0.19606   0.04823   0.05245   0.22194   0.49994   0.44501   0.55148   0.46852   0.27903   0.18354   0.53260   0.07135   0.06791   0.42778   0.46749   0.59727   0.52007   0.18235   0.52876   0.00000   0.00000   1.46274   3.27973  -14.60492   0.03031  
 75  0.0084   4710.222252  x:  0.10835   0.18777   0.16211   0.27875   0.07532   0.11732   0.29491   0.16249   0.28879   0.01221   0.13755   0.00000   0.02942   0.05999   0.42443   0.08359   0.06156   0.08298   0.00558   0.01619   0.19606   0.04823   0.05245   0.22194   0.49994   0.44501   0.55148   0.46852   0.27903   0.18354   0.53260   0.07135   0.06791   0.42778   0.46749   0.59727   0.52007   0.18235   0.52876   0.00000   0.00000   1.46274   3.27973  -14.60492   0.03031  
 76  0.0134   4710.222252  x:  0.10835   0.18777   0.16211   0.27875   0.07532   0.11732   0.29491   0.16249   0.28879   0.01221   0.13755   0.00000   0.02942   0.05999   0.42443   0.08359   0.06156   0.08298   0.00558   0.01619   0.19606   0.04823   0.05245   0.22194   0.49994   0.44501   0.55148   0.46852   0.27903   0.18354   0.53260   0.07135   0.06791   0.42778   0.46749   0.59727   0.52007   0.18235   0.52876   0.00000   0.00000   1.46274   3.27973  -14.60492   0.03031  
 77  0.0356   4710.222252  x:  0.10835   0.18777   0.16211   0.27875   0.07532   0.11732   0.29491   0.16249   0.28879   0.01221   0.13755   0.00000   0.02942   0.05999   0.42443   0.08359   0.06156   0.08298   0.00558   0.01619   0.19606   0.04823   0.05245   0.22194   0.49994   0.44501   0.55148   0.46852   0.27903   0.18354   0.53260   0.07135   0.06791   0.42778   0.46749   0.59727   0.52007   0.18235   0.52876   0.00000   0.00000   1.46274   3.27973  -14.60492   0.03031  
 78  0.1176   4710.222252  x:  0.10835   0.18777   0.16211   0.27875   0.07532   0.11732   0.29491   0.16249   0.28879   0.01221   0.13755   0.00000   0.02942   0.05999   0.42443   0.08359   0.06156   0.08298   0.00558   0.01619   0.19606   0.04823   0.05245   0.22194   0.49994   0.44501   0.55148   0.46852   0.27903   0.18354   0.53260   0.07135   0.06791   0.42778   0.46749   0.59727   0.52007   0.18235   0.52876   0.00000   0.00000   1.46274   3.27973  -14.60492   0.03031  
check convergence!
